%YAML:1.0
---
model_type: PINHOLE
camera_name: camera
image_width: 752
image_height: 480
distortion_parameters:
   k1: -0.31147026880183992
   k2: 0.08799710021189819
   p1: -0.00023645102366339
   p2: 0.00019689337740136
projection_parameters:
   fx: 365.20556117549301689
   fy: 365.42937850364148744
   cx: 373.40281716887261609
   cy: 239.79023080534463475
