%YAML:1.0

#common parameters
#support: 1 imu 1 cam; 1 imu 2 cam: 2 cam; 
imu: 0         
num_of_cam: 2  

imu_topic: "/mynteye/imu/data_raw"
image0_topic: "/mynteye/left/image_raw"
image1_topic: "/mynteye/right/image_raw"
output_path: "/home/tong/output/"

cam0_calib: "left_mei.yaml"
cam1_calib: "right_mei.yaml"
image_width: 752
image_height: 480
   

# Extrinsic parameter between IMU and Camera.
estimate_extrinsic: 0   # 0  Have an accurate extrinsic parameters. We will trust the following imu^R_cam, imu^T_cam, don't change it.
                        # 1  Have an initial guess about extrinsic parameters. We will optimize around your initial guess.

body_T_cam0: !!opencv-matrix
   rows: 4
   cols: 4
   dt: d
   data: [ 4.2812441490024389e-03, -9.9997001507473682e-01,
       -6.4528985710044385e-03, 5.2583356071589790e-05,
       9.9996900935734523e-01, 4.2384270612576547e-03,
       6.6344601088757426e-03, -4.2174706544162562e-02,
       -6.6069110351583190e-03, -6.4811023350536514e-03,
       9.9995717110239080e-01, 1.9238715201769417e-02, 0., 0., 0., 1. ]

body_T_cam1: !!opencv-matrix
   rows: 4
   cols: 4
   dt: d
   data: [ 1.6525177162010074e-03, -9.9998509853672479e-01,
       -5.2030654132755290e-03, -2.9251875934051923e-03,
       9.9994935393851081e-01, 1.6007594247438028e-03,
       9.9361525360214843e-03, 7.4379061731550719e-02,
       -9.9276756168115085e-03, -5.2192215666013279e-03,
       9.9993709851324453e-01, 1.9302672329335892e-02, 0., 0., 0., 1. ]

#Multiple thread support
multiple_thread: 1

#feature traker paprameters
max_cnt: 150            # max feature number in feature tracking
min_dist: 30            # min distance between two features 
freq: 10                # frequence (Hz) of publish tracking result. At least 10Hz for good estimation. If set 0, the frequence will be same as raw image 
F_threshold: 1.0        # ransac threshold (pixel)
show_track: 1           # publish tracking image as topic
flow_back: 1            # perform forward and backward optical flow to improve feature tracking accuracy

#optimization parameters
max_solver_time: 0.04  # max solver itration time (ms), to guarantee real time
max_num_iterations: 8   # max solver itrations, to guarantee real time
keyframe_parallax: 10.0 # keyframe selection threshold (pixel)
