%YAML:1.0
---
model_type: PINHOLE
camera_name: camera
image_width: 640
image_height: 400
distortion_parameters:
   k1: 0.0
   k2: 0.0
   p1: 0.0
   p2: 0.0
projection_parameters:
   fx: 402.1661445401671
   fy: 400.2938640307798
   cx: 314.9640214227441
   cy: 194.5914208073449
