%YAML:1.0
---
model_type: PINHOLE
camera_name: camera
image_width: 640
image_height: 400
distortion_parameters:
   k1: 0.0
   k2: 0.0
   p1: 0.0
   p2: 0.0
projection_parameters:
   fx: 402.3282444034969
   fy: 400.80586328365655
   cx: 315.64824769694036
   cy: 194.8348867789334
