%YAML:1.0
---
model_type: PINHOLE
camera_name: camera
image_width: 640
image_height: 480
distortion_parameters:
   k1: 0.0
   k2: 0.0
   p1: 0.0
   p2: 0.0
projection_parameters:
   fx: 387.47454833984375
   fy: 387.47454833984375
   cx: 316.1062927246094
   cy: 238.7586212158203
