%YAML:1.0
---
model_type: PINHOLE
camera_name: camera
image_width: 752
image_height: 480
distortion_parameters:
   k1: -1.4249285454820804e-01
   k2: 1.1945341672276799e-01
   p1: -2.9106511994591281e-04
   p2: 6.0049848016395675e-04
projection_parameters:
   fx: 8.8779703609765352e+02
   fy: 8.8935920220883497e+02
   cx: 3.6768612918324709e+02
   cy: 2.3191597739176478e+02
