%YAML:1.0
---
type: IMU
name: BMI160
Gyr:
   unit: " rad/s"
   avg-axis:
      gyr_n: 1.2138209013030823e-03
      gyr_w: 2.6288838782975280e-05
   x-axis:
      gyr_n: 1.4274184891384049e-03
      gyr_w: 3.7205161559693717e-05
   y-axis:
      gyr_n: 1.0835399568308625e-03
      gyr_w: 2.0725450906070991e-05
   z-axis:
      gyr_n: 1.1305042579399798e-03
      gyr_w: 2.0935903883161137e-05
Acc:
   unit: " m/s^2"
   avg-axis:
      acc_n: 1.9881978694148459e-02
      acc_w: 5.2649077628102515e-04
   x-axis:
      acc_n: 1.9234259821164789e-02
      acc_w: 3.7855837800027711e-04
   y-axis:
      acc_n: 1.7581479289213518e-02
      acc_w: 5.2561877961900319e-04
   z-axis:
      acc_n: 2.2830196972067073e-02
      acc_w: 6.7529517122379504e-04
