%YAML:1.0
---
model_type: PINHOLE
camera_name: camera
image_width: 640
image_height: 480
distortion_parameters:
   k1: 0.0
   k2: 0.0
   p1: 0.0
   p2: 0.0
projection_parameters:
   fx: 453.8616943359375
   fy: 453.8616943359375
   cx: 325.05889892578125
   cy: 239.16299438476562
