%YAML:1.0
---
model_type: PINHOLE
camera_name: camera
image_width: 752
image_height: 480
distortion_parameters:
   k1: -2.9839715720358556e-01
   k2: 9.2224519780237782e-02
   p1: -1.1990340691497372e-04
   p2: -7.4597868882045419e-05
projection_parameters:
   fx: 4.6894439430045497e+02
   fy: 4.6967991177317680e+02
   cx: 3.5308385782266549e+02
   cy: 2.2974410036895023e+02
