%YAML:1.0
---
model_type: MEI
camera_name: camera
image_width: 752
image_height: 480
mirror_parameters:
   xi: 7.9543129315437044e-01
distortion_parameters:
   k1: -3.4301744493890163e-01
   k2: 1.6523345829809358e-01
   p1: -6.6390289224722723e-04
   p2: 6.1013821162347979e-04
projection_parameters:
   gamma1: 8.2637253244373983e+02
   gamma2: 8.2381498173503280e+02
   u0: 3.7451475162974936e+02
   v0: 2.5418559325208039e+02
